    269.00
    321.00
    585.00
    871.00
    1475.0
    2821.0
    3928.0
    5943.0
    4950.0
    2577.0
    523.00
    98.000
    184.00
    279.00
    409.00
    2285.0
    2685.0
    3409.0
    1824.0
    409.00
    151.00
    45.000
    68.000
    213.00
    546.00
    1033.0
    2129.0
    2536.0
    957.00
    361.00
    377.00
    225.00
    360.00
    731.00
    1638.0
    2725.0
    2871.0
    2119.0
    684.00
    299.00
    236.00
    245.00
    552.00
    1623.0
    3311.0
    6721.0
    4254.0
    687.00
    255.00
    473.00
    358.00
    784.00
    1594.0
    1676.0
    2251.0
    1426.0
    756.00
    299.00
    201.00
    229.00
    469.00
    736.00
    2042.0
    2811.0
    4431.0
    2511.0
    389.00
    73.000
    39.000
    49.000
    59.000
    188.00
    377.00
    1292.0
    4031.0
    3495.0
    587.00
    105.00
    153.00
    387.00
    758.00
    1307.0
    3465.0
    6991.0
    6313.0
    3794.0
    1836.0
    345.00
    382.00
    808.00
    1388.0
    2713.0
    3800.0
    3091.0
    2985.0
    3790.0
    674.00
    81.000
    80.000
    108.00
    229.00
    399.00
    1132.0
    2432.0
    3574.0
    2935.0
    1537.0
    529.00
    485.00
    662.00
    1000.0
    1590.0
    2657.0
    3396.0
