      9.3284
      9.0669
      8.3934
      8.0369
      7.4206
      6.3404
      5.8944
      4.7958
      10.104
      10.010
      9.7613
      9.0682
      8.8817
      8.7875
      8.4018
      7.7673
      11.793
      10.183
      9.1044
      8.7478
      8.9060
      8.2128
      7.4366
      6.9422
      10.726
      10.564
      10.289
      9.4454
      8.9991
      8.0050
      7.1839
      6.2166
      11.012
      10.121
      9.1265
      8.0180
      7.1967
      5.8889
      5.5568
      5.1705
      10.479
      10.032
      9.3191
      9.1084
      8.6141
      7.5353
      7.2738
      7.1801
      10.869
      9.6311
      8.3217
      7.9212
      7.4271
      6.8287
      6.6425
      6.3135
      10.835
      10.741
      10.493
      10.150
      8.2530
      7.4765
      7.1884
      6.7878
